422.43333333333334
635.7
721.3666666666667
816.5333333333333
816.0
849.7
875.1
901.6333333333333
916.5333333333333
917.2333333333333
912.9666666666667
901.0
898.0666666666667
891.4
925.7333333333333
911.2666666666667
943.1333333333333
939.6666666666666
898.8333333333334
906.1
921.7666666666667
915.4666666666667
921.3666666666667
926.4333333333333
928.8666666666667
936.7333333333333
926.9
941.0
927.5333333333333
940.5666666666667
922.1333333333333
906.3
918.5333333333333
923.6333333333333
917.9666666666667
922.6
929.7666666666667
920.7666666666667
921.7666666666667
911.7666666666667
924.8333333333334
909.1666666666666
900.3333333333334
908.1666666666666
898.8666666666667
907.9666666666667
882.4333333333333
896.8666666666667
928.1
917.6
860.7333333333333
849.9333333333333
878.8
887.1666666666666
914.2
920.3666666666667
905.1333333333333
907.4
939.6
930.0333333333333
947.0333333333333
947.9
921.3333333333334
943.5333333333333
917.8
908.5
930.4666666666667
939.4
916.2666666666667
927.9
922.7666666666667
910.4666666666667
943.0666666666667
943.8333333333334
935.7
928.8
939.7333333333333
927.4666666666667
935.7333333333333
914.5333333333333
924.5
936.6
929.8
929.0
910.3333333333334
909.5333333333333
916.2333333333333
936.9666666666667
919.8666666666667
914.9333333333333
912.1666666666666
925.4666666666667
924.3333333333334
880.8333333333334
926.0666666666667
908.4666666666667
918.5666666666667
896.2666666666667
933.1
934.2
930.6
